0.036055 8
0.005015 74
2.115308 1
0.103998 1
0.152499 1
0.200701 1
0.087187 1
0.577147 1
0.080894 1
0.135741 1
0.314995 1
0.436996 1
0.381434 11
1.254727 69
0.331963 55
2.683186 12
0.000707 21
1.942941 33
0.423844 33
1.666520 33
1.533333 12
0.000500 21
1.505733 12
0.177848 65
1.518330 84
1.072932 77
0.151274 72
0.169500 77
0.006254 37
0.210455 42
0.198738 60
0.706730 34
0.000924 2
0.554766 82
0.647019 50
0.006007 95
104.221539 174
3.707373 84
1.134977 78
1.181808 88
1.318125 48
2.679104 72
6.453225 89
0.001762 124
0.012569 62
0.596812 36
0.008840 60
0.358667 482
0.209196 237
0.083352 82
3.009140 1
0.111787 1
0.140668 1
0.214457 1
0.160497 1
0.671707 1
0.162278 1
0.134778 1
0.351261 1
0.150952 1
0.152216 1
0.592114 11
2.948880 61
0.989026 1
0.383407 1
0.088186 1
0.277672 1
0.163387 1
0.456354 1
0.347314 1
0.563717 2
0.211300 55
9.918015 29
0.374297 2
8.125427 184
0.642359 2
1.198199 55
9.621883 27
0.313194 2
9.749700 299
0.622354 2
1.454990 55
7.759422 22
0.308029 2
9.823922 283
0.605373 2
0.794019 55
11.944447 25
0.339934 2
0.004609 55
9.272561 42
0.338932 2
10.439782 144
0.544013 2
0.918231 55
11.552109 40
0.299630 2
13.016083 195
0.765876 2
0.816325 55
8.958085 23
0.338371 2
0.566124 55
10.446857 30
0.323755 57
7.450086 32
0.309806 2
0.133287 55
8.562744 21
0.334513 2
0.007198 4095
0.000039 4095
0.000890 4095
0.007194 4095
0.000036 4095
0.000427 4095
0.000029 4095
0.005433 4095
0.000022 4095
0.000026 4095
0.000013 2249
0.074501 4095
0.000039 4095
0.000020 1538
0.000033 4095
0.015807 4095
0.000038 4095
0.000257 4095
0.000029 4095
0.005986 4095
0.000017 1250
12.788348 25
0.345723 2
0.040219 937
21.181448 458
2.985060 2
0.004032 57
14.019367 61
0.310005 2
0.014008 55
7.607034 104
0.304193 2
0.006283 55
9.727674 84
0.389936 2
0.435244 45
0.407531 173
0.365875 173
0.463347 173
0.314704 173
0.471223 173
0.430830 173
0.293516 173
0.338970 173
0.264157 173
0.452151 173
0.303598 173
0.301563 173
0.303469 173
0.322064 173
0.313991 173
0.326167 173
0.291360 173
0.325417 173
0.318232 173
0.335313 173
0.336241 173
0.337204 173
0.337048 173
0.310338 173
0.053114 174
2.795313 173
0.212424 173
0.324034 173
0.315807 173
0.444406 173
0.477317 173
0.310378 173
0.332491 173
0.434653 173
0.430126 173
0.300560 173
0.305594 173
0.321568 173
0.372007 173
0.310629 173
0.362623 173
0.316941 173
0.364079 174
1.440192 173
0.243862 173
0.289075 173
0.436994 173
0.422050 173
0.331004 173
0.368556 173
0.468424 173
0.419752 173
0.281588 174
1.603653 24
0.166608 1191
0.268736 173
0.366939 173
0.236296 173
0.443434 173
0.423810 173
0.039258 524
0.011083 320
0.112105 174
0.531066 231
0.210393 54
0.112027 56
0.162977 50
0.150817 176
0.209017 1384
0.012897 868
0.206351 176
0.768449 173
0.007537 3
0.568384 202
0.966063 45
1.272514 173
0.292267 173
0.496701 173
0.495923 173
0.321292 173
0.307885 173
0.559781 173
0.391906 173
0.221836 173
0.303466 173
0.306519 173
0.333997 173
0.299378 173
0.318778 173
0.325231 173
0.299312 174
0.949017 173
0.291564 173
0.292766 173
0.468135 173
0.303229 173
0.308661 173
0.415142 173
0.398750 173
0.346806 173
0.526693 173
0.303616 173
0.362770 173
0.327150 173
0.323951 173
0.319598 173
0.338303 173
0.402909 173
0.351920 173
0.340150 173
0.304907 173
0.353480 173
0.311777 173
0.312048 173
0.314626 173
0.109510 174
6.181769 74
0.789757 592
2.481092 24
0.136682 4095
0.005588 728
0.334162 173
0.331101 173
0.453148 173
0.315850 173
0.316729 173
0.323975 173
0.435247 173
0.299186 173
0.418215 173
0.049169 347
0.326926 173
0.132066 347
0.095002 347
0.110392 347
0.433169 173
0.237941 347
0.340058 173
0.049581 347
0.388004 173
0.034818 347
0.381033 173
0.042016 347
0.305785 520
0.082887 347
0.589064 173
0.290986 173
0.316982 173
0.324703 173
0.109820 347
0.101243 347
0.143764 347
0.318474 173
0.240221 347
0.223101 347
0.204749 347
0.428558 173
0.428788 173
0.021095 174
0.110639 350
0.047366 320
0.005218 174
0.873906 205
0.246656 54
0.716934 56
1.812218 29
0.041031 21
0.669353 2944
0.398800 173
0.053843 519
0.041476 346
0.067658 3979
0.152208 4095
0.003440 1787
0.044221 1903
0.102808 1557
0.030723 346
0.045137 519
0.017842 173
0.007866 3
0.476279 173
0.022776 3
5.057665 2079
0.338496 2425
0.248390 176
0.190738 1214
0.240776 1041
0.237678 2079
0.217477 176
0.138477 1903
0.017846 346
0.022102 522
0.240401 173
0.022845 173
0.120372 3460
0.260934 4095
0.001677 2825
0.065832 1903
0.004887 346
0.039501 1038
0.014596 519
0.222541 865
0.022837 346
0.037698 176
0.284325 865
0.009461 349
0.244223 1733
0.226917 173
0.044451 1384
0.028801 1387
0.253295 173
0.526983 173
0.028885 519
0.099328 1730
0.031788 865
0.142079 4095
0.000747 230
0.043969 1211
0.124412 519
0.039950 346
0.087090 2422
0.041439 1038
0.074644 173
0.021636 173
0.032888 173
0.110044 1384
0.187373 173
0.151449 173
0.254116 173
0.143915 176
0.599982 176
0.246750 176
3.538252 1560
0.548292 173
0.038531 173
0.064050 3287
0.064579 2249
0.052127 1903
0.036440 2076
0.067552 4095
0.000376 1787
0.014028 176
0.396436 176
0.122107 3287
0.144647 4095
0.003504 3863
0.044982 2941
0.031690 2425
0.620396 2771
0.321043 1906
0.170070 176
0.679044 176
0.167144 176
0.852081 176
1.897920 2992
0.570923 1516
0.522977 55
12.332454 1
0.100128 1
0.147041 1
0.256605 1
0.832070 1
0.079894 1
0.651507 25
0.788478 2
10.140344 515
0.009608 257
0.029656 323
0.711190 2
0.975605 55
12.115773 44
0.316497 2
11.583310 280
0.757056 2
0.784437 55
11.109829 26
0.311449 2
0.163354 55
6.929089 27
0.335423 2
0.099011 2018
15.669445 39
0.310299 2
12.395605 499
0.683798 2
0.700552 55
9.805245 32
0.239432 2
6.888500 4
0.039244 4
0.316961 56
1.140531 3
0.341232 3
0.019023 3
0.021393 3
0.022965 3
0.016352 3
0.019518 3
0.022721 3
0.020592 3
0.020316 3
0.018965 3
0.019509 3
0.019101 3
0.020683 3
0.029678 3
0.019464 3
0.019839 3
0.019447 3
0.020618 3
0.021199 3
0.017081 3
0.020053 3
0.021317 3
0.022215 3
0.020808 3
0.022163 3
1.236503 4
4.397091 59
0.829327 32
0.706897 2
0.863493 56
1.015946 2
1.899077 55
0.771513 32
0.420670 82
0.313265 3
0.152326 3
0.155364 3
0.263373 3
0.308130 58
0.777041 56
0.843588 2
0.003432 58
0.001952 55
10.357970 33
0.438640 2
10.912762 58
0.680852 2
0.684574 55
9.102600 56
0.308197 2
0.030223 55
8.642239 57
0.357335 2
0.006787 55
16.366811 117
0.406666 2
0.009378 55
11.729356 117
0.296845 2
0.004313 55
9.973258 23
0.311775 2
0.470766 55
9.505031 27
0.316726 2
0.598090 55
7.261596 28
0.342084 2
0.455647 55
9.648631 28
0.317034 2
0.116976 1451
0.002959 55
8.075231 29
0.446778 2
0.084001 1457
0.002224 55
7.647868 22
0.315319 2
0.177783 655
10.357869 1
0.121735 1
0.248890 1
0.132412 1
0.438567 10
0.583665 31
0.005743 30
0.911139 1
0.085449 1
0.360158 1
0.120246 1
0.455577 10
0.168344 82
0.830198 1
0.072812 1
0.367480 1
0.104122 1
0.711731 17
